Bayesian classifier for monkey images. 
Ran on 2023-04-07 18:49:50
Train time: 0.11033463478088379


Training: 

Prior probabilities: 
Prior probability of blue class (halo):0.0
Prior probability of green class (monkey):0.11180850591387503
Prior probability of black class (background):0.888191494086125

Means: 
[array([26.7246099 , 27.93275909, 21.33160458]), array([34.32998025, 35.60750432, 25.59954332]), array([114.10862347, 132.65626162,  75.52947988])]

Covs: 
[array([[464.9797655 , 527.1525647 , 374.55175969],
       [527.1525647 , 697.67644909, 355.89800539],
       [374.55175969, 355.89800539, 364.02988755]]), array([[1369.00170312, 1403.99436366, 1072.29582434],
       [1403.99436366, 1587.16705101, 1012.73733849],
       [1072.29582434, 1012.73733849,  918.50474829]]), array([[2471.47584039, 2226.01818174, 2369.61102371],
       [2226.01818174, 2423.61388825, 1908.76629246],
       [2369.61102371, 1908.76629246, 2644.4873396 ]])]

Det-covs: 
[7.02029971e+05 5.49617374e+06 2.59807590e+08]Inverse-cov: 
[[[ 0.18134794 -0.08346804 -0.10498611]
  [-0.08346804  0.04127674  0.0455259 ]
  [-0.10498611  0.0455259   0.06625872]]

 [[ 0.07863353 -0.03704786 -0.05095092]
  [-0.03704786  0.01958021  0.02166201]
  [-0.05095092  0.02166201  0.03668629]]

 [[ 0.01064568 -0.00524867 -0.00575069]
  [-0.00524867  0.00354389  0.00214515]
  [-0.00575069  0.00214515  0.00398274]]]

Testing: 
Test time (image preparation and discriminator): 99.87765622138977

Bayesian classifier for monkey images. 
Ran on 2023-04-07 18:53:40
Train time: 0.10470104217529297


Training: 

Prior probabilities: 
Prior probability of blue class (halo):0.0
Prior probability of green class (monkey):0.12436881585476198
Prior probability of black class (background):0.875631184145238

Means: 
[array([24.68597743, 27.48112117, 18.56580679]), array([34.40702071, 35.62780067, 27.1633275 ]), array([116.21691004, 134.8795559 ,  76.99666359])]

Covs: 
[array([[405.23090681, 537.34603817, 285.84921729],
       [537.34603817, 856.93520109, 271.30222322],
       [285.84921729, 271.30222322, 290.66464528]]), array([[ 940.36260112, 1009.79564858,  800.88266633],
       [1009.79564858, 1215.40514423,  777.11051726],
       [ 800.88266633,  777.11051726,  754.59528898]]), array([[2326.84823089, 2048.73016399, 2287.20960172],
       [2048.73016399, 2210.14748129, 1804.37019097],
       [2287.20960172, 1804.37019097, 2606.52626028]])]

Det-covs: 
[5.05544260e+05 2.47142177e+06 2.36625507e+08]Inverse-cov: 
[[[ 0.34710288 -0.15554715 -0.19616696]
  [-0.15554715  0.07136175  0.08636217]
  [-0.19616696  0.08636217  0.11574825]]

 [[ 0.12674415 -0.05649084 -0.07634233]
  [-0.05649084  0.02758742  0.03154547]
  [-0.07634233  0.03154547  0.04986372]]

 [[ 0.01058658 -0.00512665 -0.00574073]
  [-0.00512665  0.00352313  0.00205971]
  [-0.00574073  0.00205971  0.00399527]]]

Testing: 
Test time (image preparation and discriminator): 101.51783084869385

##############################################################

Bayesian classifier for monkey images. 
Ran on 2023-04-07 18:58:42
Train time: 0.10822534561157227


Training: 

Prior probabilities: 
Prior probability of blue class (halo):0.0
Prior probability of green class (monkey):0.1208490644368794
Prior probability of black class (background):0.8791509355631206

Means: 
[array([25.23598401, 27.53858521, 19.47198862]), array([35.2303298 , 36.68981154, 27.52226148]), array([115.48097037, 134.10898291,  76.45766135])]

Covs: 
[array([[418.83861113, 529.1343448 , 314.31151607],
       [529.1343448 , 804.58375283, 295.88702334],
       [314.31151607, 295.88702334, 318.73191657]]), array([[1251.32953532, 1304.94364492, 1037.46884006],
       [1304.94364492, 1516.53732478,  984.17478952],
       [1037.46884006,  984.17478952,  942.57745363]]), array([[2377.55798097, 2111.65113956, 2316.80720962],
       [2111.65113956, 2285.72309428, 1843.30754638],
       [2316.80720962, 1843.30754638, 2620.36519741]])]

Det-covs: 
[4.34688691e+05 4.10071651e+06 2.44544267e+08]Inverse-cov: 
[[[ 0.38854793 -0.1740356  -0.22159756]
  [-0.1740356   0.07983991  0.09750451]
  [-0.22159756  0.09750451  0.13114578]]

 [[ 0.11238374 -0.0509569  -0.07049197]
  [-0.0509569   0.0251501   0.02982683]
  [-0.07049197  0.02982683  0.04750634]]

 [[ 0.01059786 -0.00516352 -0.00573785]
  [-0.00516352  0.00352686  0.00208436]
  [-0.00573785  0.00208436  0.00398852]]]

Testing: 
Test time (image preparation and discriminator): 101.32153105735779

##############################################################

Bayesian classifier for fruit images. 
Ran on 2023-04-07 20:01:36
Train time: 0.1852877140045166


Training: 

Prior probabilities: 
Prior probability of red class (eggs):0.009582312051385822
Prior probability of blue class (chillies):0.018166104980627998
Prior probability of green class (bananas):0.040107032479734996
Prior probability of black class (background):0.040107032479734996

Means: 
[array([215.1204387 , 192.26219762,  59.39961733]), array([231.88775459, 229.21151622, 233.66597938]), array([65.65363714, 90.19687291, 30.48689103]), array([216.07446447,  94.00909248,  62.83183401])]

Covs: 
[array([[179.91835356, 249.08647123, 124.85353295],
       [249.08647123, 405.66070644, 199.6685802 ],
       [124.85353295, 199.6685802 , 275.3029718 ]]), array([[ 74.07691955, 166.08575257, 182.53024874],
       [166.08575257, 431.27239805, 475.69693677],
       [182.53024874, 475.69693677, 525.9611464 ]]), array([[412.54163461,  28.42269635,  89.57216582],
       [ 28.42269635, 424.01129457, 257.64650744],
       [ 89.57216582, 257.64650744, 261.07231574]]), array([[545.61828267,  72.62610706, 189.42520135],
       [ 72.62610706, 700.72777451, 361.84685977],
       [189.42520135, 361.84685977, 587.29157614]])]

Det-covs: 
[1.93490326e+06 5.32287387e+03 1.59812011e+07 1.34814462e+08]Inverse-cov: 
[[[ 3.71140292e-02 -2.25566410e-02 -4.72080616e-04]
  [-2.25566410e-02  1.75428164e-02 -2.49351808e-03]
  [-4.72080616e-04 -2.49351808e-03  5.65492678e-03]]

 [[ 1.02378762e-01 -9.87385094e-02  5.37727658e-02]
  [-9.87385094e-02  1.06038391e+00 -9.24780505e-01]
  [ 5.37727658e-02 -9.24780505e-01  8.19642478e-01]]

 [[ 2.77300107e-03  9.79749670e-04 -1.91829145e-03]
  [ 9.79749670e-04  6.23733011e-03 -6.49162901e-03]
  [-1.91829145e-03 -6.49162901e-03  1.08949547e-02]]

 [[ 2.08136698e-03  1.92043294e-04 -7.89648005e-04]
  [ 1.92043294e-04  2.11071654e-03 -1.36241353e-03]
  [-7.89648005e-04 -1.36241353e-03  2.79684633e-03]]]

Testing: 
Test time (image preparation and discriminator): 129.93521809577942

##############################################################

Bayesian classifier for monkey images. 
Ran on 2023-04-07 20:04:27
Train time: 0.1017606258392334


Training: 

Prior probabilities: 
Prior probability of blue class (halo):0.0
Prior probability of green class (monkey):0.1208490644368794
Prior probability of black class (background):0.8791509355631206

Means: 
[array([25.23598401, 27.53858521, 19.47198862]), array([35.2303298 , 36.68981154, 27.52226148]), array([115.48097037, 134.10898291,  76.45766135])]

Covs: 
[array([[418.83861113, 529.1343448 , 314.31151607],
       [529.1343448 , 804.58375283, 295.88702334],
       [314.31151607, 295.88702334, 318.73191657]]), array([[1251.32953532, 1304.94364492, 1037.46884006],
       [1304.94364492, 1516.53732478,  984.17478952],
       [1037.46884006,  984.17478952,  942.57745363]]), array([[2377.55798097, 2111.65113956, 2316.80720962],
       [2111.65113956, 2285.72309428, 1843.30754638],
       [2316.80720962, 1843.30754638, 2620.36519741]])]

Det-covs: 
[4.34688691e+05 4.10071651e+06 2.44544267e+08]Inverse-cov: 
[[[ 0.38854793 -0.1740356  -0.22159756]
  [-0.1740356   0.07983991  0.09750451]
  [-0.22159756  0.09750451  0.13114578]]

 [[ 0.11238374 -0.0509569  -0.07049197]
  [-0.0509569   0.0251501   0.02982683]
  [-0.07049197  0.02982683  0.04750634]]

 [[ 0.01059786 -0.00516352 -0.00573785]
  [-0.00516352  0.00352686  0.00208436]
  [-0.00573785  0.00208436  0.00398852]]]

Testing: 

##############################################################

Bayesian classifier for fruit images. 
Ran on 2023-04-07 20:05:01
Train time: 0.18440604209899902


Training: 

Prior probabilities: 
Prior probability of red class (eggs):0.014130638006409357
Prior probability of blue class (chillies):0.0212271934427031
Prior probability of green class (bananas):0.05048758261244324
Prior probability of black class (background):0.05048758261244324

Means: 
[array([213.19002017, 187.746039  ,  56.3072495 ]), array([229.57436554, 217.53640435, 220.08871828]), array([80.67681169, 83.37784328, 29.93797655]), array([218.23335906,  91.57524148,  62.92470742])]

Covs: 
[array([[215.3009011 , 336.76650294, 156.54875961],
       [336.76650294, 657.45395584, 269.84052678],
       [156.54875961, 269.84052678, 278.13806952]]), array([[ 100.36365781,  348.48139306,  395.85067905],
       [ 348.48139306, 1598.68606803, 1840.93329973],
       [ 395.85067905, 1840.93329973, 2123.29659896]]), array([[1448.11853378, -177.67205937,  213.39972791],
       [-177.67205937,  423.45257325,  189.91283816],
       [ 213.39972791,  189.91283816,  223.78725883]]), array([[325.25060164,  37.19041672, 110.99042523],
       [ 37.19041672, 441.15901051, 293.0392132 ],
       [110.99042523, 293.0392132 , 449.05127813]])]

Det-covs: 
[ 4489184.83774974    85735.03031043 44250028.68286811 32866737.75785581]Inverse-cov: 
[[[ 2.45142644e-02 -1.14551722e-02 -2.68430710e-03]
  [-1.14551722e-02  7.88024199e-03 -1.19766293e-03]
  [-2.68430710e-03 -1.19766293e-03  6.26812052e-03]]

 [[ 6.35595154e-02 -1.30572764e-01  1.01359213e-01]
  [-1.30572764e-01  6.57888065e-01 -5.46056886e-01]
  [ 1.01359213e-01 -5.46056886e-01  4.55014712e-01]]

 [[ 1.32647156e-03  1.81441896e-03 -2.80467319e-03]
  [ 1.81441896e-03  6.29448255e-03 -7.07189304e-03]
  [-2.80467319e-03 -7.07189304e-03  1.31444470e-02]]

 [[ 3.41473005e-03  4.81463747e-04 -1.15819757e-03]
  [ 4.81463747e-04  4.06901728e-03 -2.77433681e-03]
  [-1.15819757e-03 -2.77433681e-03  4.32364500e-03]]]

Testing: 
Test time (image preparation and discriminator): 137.66473579406738

##############################################################

Bayesian classifier for fruit images. 
Ran on 2023-04-07 20:16:57
Train time: 0.1936025619506836


Training: 

Prior probabilities: 
Prior probability of red class (eggs):0.008564863928739171
Prior probability of blue class (chillies):0.016759786667246965
Prior probability of green class (bananas):0.045698617616817094
Prior probability of black class (background):0.045698617616817094

Means: 
[array([214.07392857, 189.49752976,  57.60255952]), array([231.95991127, 229.46364423, 233.85484744]), array([64.86915096, 94.19330934, 32.21321194]), array([215.77506282,  93.37349147,  63.70647636])]

Covs: 
[array([[216.65151824, 309.71490628, 159.04027626],
       [309.71490628, 571.66385294, 264.02294748],
       [159.04027626, 264.02294748, 291.909836  ]]), array([[ 69.85507192, 149.26454366, 164.86811892],
       [149.26454366, 380.3288735 , 422.33495415],
       [164.86811892, 422.33495415, 470.41495188]]), array([[321.40076978,  66.81746219,  88.00333827],
       [ 66.81746219, 352.31032474, 230.84993912],
       [ 88.00333827, 230.84993912, 259.22589636]]), array([[619.41873157, 105.69074543, 222.8726357 ],
       [105.69074543, 691.38310064, 493.65606425],
       [222.8726357 , 493.65606425, 729.41967501]])]

Det-covs: 
[4.60071616e+06 5.85505287e+03 1.10539228e+07 1.42194203e+08]Inverse-cov: 
[[[ 2.11197956e-02 -1.05241322e-02 -1.98789370e-03]
  [-1.05241322e-02  8.24847662e-03 -1.72665035e-03]
  [-1.98789370e-03 -1.72665035e-03  6.07047197e-03]]

 [[ 9.31802406e-02 -1.00204677e-01  5.73057603e-02]
  [-1.00204677e-01  9.69995283e-01 -8.35735249e-01]
  [ 5.73057603e-02 -8.35735249e-01  7.32358344e-01]]

 [[ 3.44097439e-03  2.70921808e-04 -1.40942522e-03]
  [ 2.70921808e-04  6.83656076e-03 -6.18017598e-03]
  [-1.40942522e-03 -6.18017598e-03  9.83978611e-03]]

 [[ 1.83279009e-03  2.31581304e-04 -7.16734538e-04]
  [ 2.31581304e-04  2.82813216e-03 -1.98478019e-03]
  [-7.16734538e-04 -1.98478019e-03  2.93320755e-03]]]

Testing: 
Test time (image preparation and discriminator): 117.30302882194519

##############################################################

Bayesian classifier for fruit images. 
Ran on 2023-04-07 20:43:14
Train time: 0.1876356601715088


Training: 

Prior probabilities: 
Prior probability of red class (eggs):0.008889265385424665
Prior probability of blue class (chillies):0.019478230454136804
Prior probability of green class (bananas):0.04631818268765696
Prior probability of black class (background):0.04631818268765696

Means: 
[array([216.20684366, 193.09575221,  58.28088496]), array([231.15174897, 226.54017022, 230.56528245]), array([66.37093965, 92.48365611, 31.65805923]), array([215.54156369,  91.7917866 ,  62.25211132])]

Covs: 
[array([[141.70239866, 195.96603397,  97.45315303],
       [195.96603397, 321.76451188, 160.26682933],
       [ 97.45315303, 160.26682933, 242.41751714]]), array([[ 81.36475586, 216.50573575, 241.24821861],
       [216.50573575, 695.12778814, 777.4770342 ],
       [241.24821861, 777.4770342 , 871.15647317]]), array([[462.64082788,  50.07462235,  89.02201533],
       [ 50.07462235, 375.54408108, 241.07706092],
       [ 89.02201533, 241.07706092, 260.17605489]]), array([[618.93845082,  71.1189689 , 206.60885434],
       [ 71.1189689 , 482.13175112, 312.14272015],
       [206.60885434, 312.14272015, 501.77355435]])]

Det-covs: 
[1.16936311e+06 1.46777022e+04 1.68364658e+07 7.54834505e+07]Inverse-cov: 
[[[ 4.47387960e-02 -2.72687682e-02  4.26631409e-05]
  [-2.72687682e-02  2.12543276e-02 -3.08944777e-03]
  [ 4.26631409e-05 -3.08944777e-03  6.15045628e-03]]

 [[ 7.45711820e-02 -7.12252953e-02  4.29152140e-02]
  [-7.12252953e-02  8.63945229e-01 -7.51316921e-01]
  [ 4.29152140e-02 -7.51316921e-01  6.59787823e-01]]

 [[ 2.35140965e-03  5.00874010e-04 -1.26866579e-03]
  [ 5.00874010e-04  6.67854808e-03 -6.35966887e-03]
  [-1.26866579e-03 -6.35966887e-03  1.01704573e-02]]

 [[ 1.91416640e-03  3.81617849e-04 -1.02556812e-03]
  [ 3.81617849e-04  3.54885377e-03 -2.36480078e-03]
  [-1.02556812e-03 -2.36480078e-03  3.88630845e-03]]]

Testing: 
Test time (image preparation and discriminator): 129.23393988609314