Bayesian classifier for monkey images. 
Ran on 2023-04-07 18:49:50
Train time: 0.11033463478088379


Training: 

Prior probabilities: 
Prior probability of blue class (halo):0.0
Prior probability of green class (monkey):0.11180850591387503
Prior probability of black class (background):0.888191494086125

Means: 
[array([26.7246099 , 27.93275909, 21.33160458]), array([34.32998025, 35.60750432, 25.59954332]), array([114.10862347, 132.65626162,  75.52947988])]

Covs: 
[array([[464.9797655 , 527.1525647 , 374.55175969],
       [527.1525647 , 697.67644909, 355.89800539],
       [374.55175969, 355.89800539, 364.02988755]]), array([[1369.00170312, 1403.99436366, 1072.29582434],
       [1403.99436366, 1587.16705101, 1012.73733849],
       [1072.29582434, 1012.73733849,  918.50474829]]), array([[2471.47584039, 2226.01818174, 2369.61102371],
       [2226.01818174, 2423.61388825, 1908.76629246],
       [2369.61102371, 1908.76629246, 2644.4873396 ]])]

Det-covs: 
[7.02029971e+05 5.49617374e+06 2.59807590e+08]Inverse-cov: 
[[[ 0.18134794 -0.08346804 -0.10498611]
  [-0.08346804  0.04127674  0.0455259 ]
  [-0.10498611  0.0455259   0.06625872]]

 [[ 0.07863353 -0.03704786 -0.05095092]
  [-0.03704786  0.01958021  0.02166201]
  [-0.05095092  0.02166201  0.03668629]]

 [[ 0.01064568 -0.00524867 -0.00575069]
  [-0.00524867  0.00354389  0.00214515]
  [-0.00575069  0.00214515  0.00398274]]]

Testing: 
Test time (image preparation and discriminator): 99.87765622138977

Bayesian classifier for monkey images. 
Ran on 2023-04-07 18:53:40
Train time: 0.10470104217529297


Training: 

Prior probabilities: 
Prior probability of blue class (halo):0.0
Prior probability of green class (monkey):0.12436881585476198
Prior probability of black class (background):0.875631184145238

Means: 
[array([24.68597743, 27.48112117, 18.56580679]), array([34.40702071, 35.62780067, 27.1633275 ]), array([116.21691004, 134.8795559 ,  76.99666359])]

Covs: 
[array([[405.23090681, 537.34603817, 285.84921729],
       [537.34603817, 856.93520109, 271.30222322],
       [285.84921729, 271.30222322, 290.66464528]]), array([[ 940.36260112, 1009.79564858,  800.88266633],
       [1009.79564858, 1215.40514423,  777.11051726],
       [ 800.88266633,  777.11051726,  754.59528898]]), array([[2326.84823089, 2048.73016399, 2287.20960172],
       [2048.73016399, 2210.14748129, 1804.37019097],
       [2287.20960172, 1804.37019097, 2606.52626028]])]

Det-covs: 
[5.05544260e+05 2.47142177e+06 2.36625507e+08]Inverse-cov: 
[[[ 0.34710288 -0.15554715 -0.19616696]
  [-0.15554715  0.07136175  0.08636217]
  [-0.19616696  0.08636217  0.11574825]]

 [[ 0.12674415 -0.05649084 -0.07634233]
  [-0.05649084  0.02758742  0.03154547]
  [-0.07634233  0.03154547  0.04986372]]

 [[ 0.01058658 -0.00512665 -0.00574073]
  [-0.00512665  0.00352313  0.00205971]
  [-0.00574073  0.00205971  0.00399527]]]

Testing: 
Test time (image preparation and discriminator): 101.51783084869385

##############################################################

Bayesian classifier for monkey images. 
Ran on 2023-04-07 18:58:42
Train time: 0.10822534561157227


Training: 

Prior probabilities: 
Prior probability of blue class (halo):0.0
Prior probability of green class (monkey):0.1208490644368794
Prior probability of black class (background):0.8791509355631206

Means: 
[array([25.23598401, 27.53858521, 19.47198862]), array([35.2303298 , 36.68981154, 27.52226148]), array([115.48097037, 134.10898291,  76.45766135])]

Covs: 
[array([[418.83861113, 529.1343448 , 314.31151607],
       [529.1343448 , 804.58375283, 295.88702334],
       [314.31151607, 295.88702334, 318.73191657]]), array([[1251.32953532, 1304.94364492, 1037.46884006],
       [1304.94364492, 1516.53732478,  984.17478952],
       [1037.46884006,  984.17478952,  942.57745363]]), array([[2377.55798097, 2111.65113956, 2316.80720962],
       [2111.65113956, 2285.72309428, 1843.30754638],
       [2316.80720962, 1843.30754638, 2620.36519741]])]

Det-covs: 
[4.34688691e+05 4.10071651e+06 2.44544267e+08]Inverse-cov: 
[[[ 0.38854793 -0.1740356  -0.22159756]
  [-0.1740356   0.07983991  0.09750451]
  [-0.22159756  0.09750451  0.13114578]]

 [[ 0.11238374 -0.0509569  -0.07049197]
  [-0.0509569   0.0251501   0.02982683]
  [-0.07049197  0.02982683  0.04750634]]

 [[ 0.01059786 -0.00516352 -0.00573785]
  [-0.00516352  0.00352686  0.00208436]
  [-0.00573785  0.00208436  0.00398852]]]

Testing: 
Test time (image preparation and discriminator): 101.32153105735779

##############################################################

Bayesian classifier for fruit images. 
Ran on 2023-04-07 20:01:36
Train time: 0.1852877140045166


Training: 

Prior probabilities: 
Prior probability of red class (eggs):0.009582312051385822
Prior probability of blue class (chillies):0.018166104980627998
Prior probability of green class (bananas):0.040107032479734996
Prior probability of black class (background):0.040107032479734996

Means: 
[array([215.1204387 , 192.26219762,  59.39961733]), array([231.88775459, 229.21151622, 233.66597938]), array([65.65363714, 90.19687291, 30.48689103]), array([216.07446447,  94.00909248,  62.83183401])]

Covs: 
[array([[179.91835356, 249.08647123, 124.85353295],
       [249.08647123, 405.66070644, 199.6685802 ],
       [124.85353295, 199.6685802 , 275.3029718 ]]), array([[ 74.07691955, 166.08575257, 182.53024874],
       [166.08575257, 431.27239805, 475.69693677],
       [182.53024874, 475.69693677, 525.9611464 ]]), array([[412.54163461,  28.42269635,  89.57216582],
       [ 28.42269635, 424.01129457, 257.64650744],
       [ 89.57216582, 257.64650744, 261.07231574]]), array([[545.61828267,  72.62610706, 189.42520135],
       [ 72.62610706, 700.72777451, 361.84685977],
       [189.42520135, 361.84685977, 587.29157614]])]

Det-covs: 
[1.93490326e+06 5.32287387e+03 1.59812011e+07 1.34814462e+08]Inverse-cov: 
[[[ 3.71140292e-02 -2.25566410e-02 -4.72080616e-04]
  [-2.25566410e-02  1.75428164e-02 -2.49351808e-03]
  [-4.72080616e-04 -2.49351808e-03  5.65492678e-03]]

 [[ 1.02378762e-01 -9.87385094e-02  5.37727658e-02]
  [-9.87385094e-02  1.06038391e+00 -9.24780505e-01]
  [ 5.37727658e-02 -9.24780505e-01  8.19642478e-01]]

 [[ 2.77300107e-03  9.79749670e-04 -1.91829145e-03]
  [ 9.79749670e-04  6.23733011e-03 -6.49162901e-03]
  [-1.91829145e-03 -6.49162901e-03  1.08949547e-02]]

 [[ 2.08136698e-03  1.92043294e-04 -7.89648005e-04]
  [ 1.92043294e-04  2.11071654e-03 -1.36241353e-03]
  [-7.89648005e-04 -1.36241353e-03  2.79684633e-03]]]

Testing: 
Test time (image preparation and discriminator): 129.93521809577942

##############################################################

Bayesian classifier for monkey images. 
Ran on 2023-04-07 20:04:27
Train time: 0.1017606258392334


Training: 

Prior probabilities: 
Prior probability of blue class (halo):0.0
Prior probability of green class (monkey):0.1208490644368794
Prior probability of black class (background):0.8791509355631206

Means: 
[array([25.23598401, 27.53858521, 19.47198862]), array([35.2303298 , 36.68981154, 27.52226148]), array([115.48097037, 134.10898291,  76.45766135])]

Covs: 
[array([[418.83861113, 529.1343448 , 314.31151607],
       [529.1343448 , 804.58375283, 295.88702334],
       [314.31151607, 295.88702334, 318.73191657]]), array([[1251.32953532, 1304.94364492, 1037.46884006],
       [1304.94364492, 1516.53732478,  984.17478952],
       [1037.46884006,  984.17478952,  942.57745363]]), array([[2377.55798097, 2111.65113956, 2316.80720962],
       [2111.65113956, 2285.72309428, 1843.30754638],
       [2316.80720962, 1843.30754638, 2620.36519741]])]

Det-covs: 
[4.34688691e+05 4.10071651e+06 2.44544267e+08]Inverse-cov: 
[[[ 0.38854793 -0.1740356  -0.22159756]
  [-0.1740356   0.07983991  0.09750451]
  [-0.22159756  0.09750451  0.13114578]]

 [[ 0.11238374 -0.0509569  -0.07049197]
  [-0.0509569   0.0251501   0.02982683]
  [-0.07049197  0.02982683  0.04750634]]

 [[ 0.01059786 -0.00516352 -0.00573785]
  [-0.00516352  0.00352686  0.00208436]
  [-0.00573785  0.00208436  0.00398852]]]

Testing: 

##############################################################

Bayesian classifier for fruit images. 
Ran on 2023-04-07 20:05:01
Train time: 0.18440604209899902


Training: 

Prior probabilities: 
Prior probability of red class (eggs):0.014130638006409357
Prior probability of blue class (chillies):0.0212271934427031
Prior probability of green class (bananas):0.05048758261244324
Prior probability of black class (background):0.05048758261244324

Means: 
[array([213.19002017, 187.746039  ,  56.3072495 ]), array([229.57436554, 217.53640435, 220.08871828]), array([80.67681169, 83.37784328, 29.93797655]), array([218.23335906,  91.57524148,  62.92470742])]

Covs: 
[array([[215.3009011 , 336.76650294, 156.54875961],
       [336.76650294, 657.45395584, 269.84052678],
       [156.54875961, 269.84052678, 278.13806952]]), array([[ 100.36365781,  348.48139306,  395.85067905],
       [ 348.48139306, 1598.68606803, 1840.93329973],
       [ 395.85067905, 1840.93329973, 2123.29659896]]), array([[1448.11853378, -177.67205937,  213.39972791],
       [-177.67205937,  423.45257325,  189.91283816],
       [ 213.39972791,  189.91283816,  223.78725883]]), array([[325.25060164,  37.19041672, 110.99042523],
       [ 37.19041672, 441.15901051, 293.0392132 ],
       [110.99042523, 293.0392132 , 449.05127813]])]

Det-covs: 
[ 4489184.83774974    85735.03031043 44250028.68286811 32866737.75785581]Inverse-cov: 
[[[ 2.45142644e-02 -1.14551722e-02 -2.68430710e-03]
  [-1.14551722e-02  7.88024199e-03 -1.19766293e-03]
  [-2.68430710e-03 -1.19766293e-03  6.26812052e-03]]

 [[ 6.35595154e-02 -1.30572764e-01  1.01359213e-01]
  [-1.30572764e-01  6.57888065e-01 -5.46056886e-01]
  [ 1.01359213e-01 -5.46056886e-01  4.55014712e-01]]

 [[ 1.32647156e-03  1.81441896e-03 -2.80467319e-03]
  [ 1.81441896e-03  6.29448255e-03 -7.07189304e-03]
  [-2.80467319e-03 -7.07189304e-03  1.31444470e-02]]

 [[ 3.41473005e-03  4.81463747e-04 -1.15819757e-03]
  [ 4.81463747e-04  4.06901728e-03 -2.77433681e-03]
  [-1.15819757e-03 -2.77433681e-03  4.32364500e-03]]]

Testing: 
Test time (image preparation and discriminator): 137.66473579406738

##############################################################

Bayesian classifier for fruit images. 
Ran on 2023-04-07 20:16:57
Train time: 0.1936025619506836


Training: 

Prior probabilities: 
Prior probability of red class (eggs):0.008564863928739171
Prior probability of blue class (chillies):0.016759786667246965
Prior probability of green class (bananas):0.045698617616817094
Prior probability of black class (background):0.045698617616817094

Means: 
[array([214.07392857, 189.49752976,  57.60255952]), array([231.95991127, 229.46364423, 233.85484744]), array([64.86915096, 94.19330934, 32.21321194]), array([215.77506282,  93.37349147,  63.70647636])]

Covs: 
[array([[216.65151824, 309.71490628, 159.04027626],
       [309.71490628, 571.66385294, 264.02294748],
       [159.04027626, 264.02294748, 291.909836  ]]), array([[ 69.85507192, 149.26454366, 164.86811892],
       [149.26454366, 380.3288735 , 422.33495415],
       [164.86811892, 422.33495415, 470.41495188]]), array([[321.40076978,  66.81746219,  88.00333827],
       [ 66.81746219, 352.31032474, 230.84993912],
       [ 88.00333827, 230.84993912, 259.22589636]]), array([[619.41873157, 105.69074543, 222.8726357 ],
       [105.69074543, 691.38310064, 493.65606425],
       [222.8726357 , 493.65606425, 729.41967501]])]

Det-covs: 
[4.60071616e+06 5.85505287e+03 1.10539228e+07 1.42194203e+08]Inverse-cov: 
[[[ 2.11197956e-02 -1.05241322e-02 -1.98789370e-03]
  [-1.05241322e-02  8.24847662e-03 -1.72665035e-03]
  [-1.98789370e-03 -1.72665035e-03  6.07047197e-03]]

 [[ 9.31802406e-02 -1.00204677e-01  5.73057603e-02]
  [-1.00204677e-01  9.69995283e-01 -8.35735249e-01]
  [ 5.73057603e-02 -8.35735249e-01  7.32358344e-01]]

 [[ 3.44097439e-03  2.70921808e-04 -1.40942522e-03]
  [ 2.70921808e-04  6.83656076e-03 -6.18017598e-03]
  [-1.40942522e-03 -6.18017598e-03  9.83978611e-03]]

 [[ 1.83279009e-03  2.31581304e-04 -7.16734538e-04]
  [ 2.31581304e-04  2.82813216e-03 -1.98478019e-03]
  [-7.16734538e-04 -1.98478019e-03  2.93320755e-03]]]

Testing: 
Test time (image preparation and discriminator): 117.30302882194519

##############################################################

Bayesian classifier for fruit images. 
Ran on 2023-04-07 20:43:14
Train time: 0.1876356601715088


Training: 

Prior probabilities: 
Prior probability of red class (eggs):0.008889265385424665
Prior probability of blue class (chillies):0.019478230454136804
Prior probability of green class (bananas):0.04631818268765696
Prior probability of black class (background):0.04631818268765696

Means: 
[array([216.20684366, 193.09575221,  58.28088496]), array([231.15174897, 226.54017022, 230.56528245]), array([66.37093965, 92.48365611, 31.65805923]), array([215.54156369,  91.7917866 ,  62.25211132])]

Covs: 
[array([[141.70239866, 195.96603397,  97.45315303],
       [195.96603397, 321.76451188, 160.26682933],
       [ 97.45315303, 160.26682933, 242.41751714]]), array([[ 81.36475586, 216.50573575, 241.24821861],
       [216.50573575, 695.12778814, 777.4770342 ],
       [241.24821861, 777.4770342 , 871.15647317]]), array([[462.64082788,  50.07462235,  89.02201533],
       [ 50.07462235, 375.54408108, 241.07706092],
       [ 89.02201533, 241.07706092, 260.17605489]]), array([[618.93845082,  71.1189689 , 206.60885434],
       [ 71.1189689 , 482.13175112, 312.14272015],
       [206.60885434, 312.14272015, 501.77355435]])]

Det-covs: 
[1.16936311e+06 1.46777022e+04 1.68364658e+07 7.54834505e+07]Inverse-cov: 
[[[ 4.47387960e-02 -2.72687682e-02  4.26631409e-05]
  [-2.72687682e-02  2.12543276e-02 -3.08944777e-03]
  [ 4.26631409e-05 -3.08944777e-03  6.15045628e-03]]

 [[ 7.45711820e-02 -7.12252953e-02  4.29152140e-02]
  [-7.12252953e-02  8.63945229e-01 -7.51316921e-01]
  [ 4.29152140e-02 -7.51316921e-01  6.59787823e-01]]

 [[ 2.35140965e-03  5.00874010e-04 -1.26866579e-03]
  [ 5.00874010e-04  6.67854808e-03 -6.35966887e-03]
  [-1.26866579e-03 -6.35966887e-03  1.01704573e-02]]

 [[ 1.91416640e-03  3.81617849e-04 -1.02556812e-03]
  [ 3.81617849e-04  3.54885377e-03 -2.36480078e-03]
  [-1.02556812e-03 -2.36480078e-03  3.88630845e-03]]]

Testing: 
Test time (image preparation and discriminator): 129.23393988609314

##############################################################

Bayesian classifier for monkey images. 
Ran on 2023-04-08 00:54:44
Train time: 0.09992313385009766


Training: 

Prior probabilities: 
Prior probability of blue class (halo):0.0
Prior probability of green class (monkey):0.1249647555248753
Prior probability of black class (background):0.8750352444751247

Means: 
[array([25.64678244, 27.50021807, 19.794457  ]), array([34.91943791, 35.67080954, 25.67943119]), array([116.16381511, 135.02636312,  76.94169078])]

Covs: 
[array([[434.85168262, 525.8163277 , 327.53462145],
       [525.8163277 , 760.63096484, 309.0245487 ],
       [327.53462145, 309.0245487 , 320.85404592]]), array([[1166.58658928, 1198.22699149,  903.46877003],
       [1198.22699149, 1372.44098091,  847.09484662],
       [ 903.46877003,  847.09484662,  775.11877403]]), array([[2337.28682333, 2052.00891297, 2296.79173844],
       [2052.00891297, 2207.22850474, 1806.09348142],
       [2296.79173844, 1806.09348142, 2618.42226578]])]

Det-covs: 
[7.31542943e+05 4.83823126e+06 2.39266030e+08]Inverse-cov: 
[[[ 0.20307127 -0.09226261 -0.11843846]
  [-0.09226261  0.04407806  0.05173067]
  [-0.11843846  0.05173067  0.07419776]]

 [[ 0.07156233 -0.03378187 -0.04649337]
  [-0.03378187  0.01818585  0.01950117]
  [-0.04649337  0.01950117  0.0341702 ]]

 [[ 0.01052169 -0.00511901 -0.00569836]
  [-0.00511901  0.0035306   0.00205495]
  [-0.00569836  0.00205495  0.00396289]]]

Testing: 
Test time (image preparation and discriminator): 93.48009753227234

##############################################################

Bayesian classifier for monkey images. 
Ran on 2023-04-08 00:59:55
Train time: 0.06400012969970703


Training: 

Prior probabilities: 
Prior probability of blue class (halo):0.0
Prior probability of green class (monkey):0.11597000191539833
Prior probability of black class (background):0.8840299980846017

Means: 
[array([24.69322899, 26.75196731, 19.05398219]), array([30.49756479, 31.93704528, 21.70037881]), array([nan, nan, nan])]

Covs: 
[array([[400.74238286, 499.32414693, 298.94383326],
       [499.32414693, 742.61998316, 285.33882472],
       [298.94383326, 285.33882472, 297.71813223]]), array([[696.46311794, 758.49765185, 468.8520364 ],
       [758.49765185, 975.59633713, 427.8020022 ],
       [468.8520364 , 427.8020022 , 376.49212193]]), array([[nan, nan, nan],
       [nan, nan, nan],
       [nan, nan, nan]])]

Det-covs: 
[ 563464.00162008 1562925.39563191              nan]Inverse-cov: 
[[[ 0.24788308 -0.11244298 -0.14113608]
  [-0.11244298  0.05313713  0.06197825]
  [-0.14113608  0.06197825  0.08567486]]

 [[ 0.11791336 -0.05438043 -0.0850479 ]
  [-0.05438043  0.02712263  0.03690186]
  [-0.0850479   0.03690186  0.06663669]]

 [[        nan         nan         nan]
  [        nan         nan         nan]
  [        nan         nan         nan]]]

Testing: 
Test time (image preparation and discriminator): 95.22646498680115

##############################################################

Bayesian classifier for monkey images. 
Ran on 2023-04-08 01:05:19
Train time: 0.11016511917114258


Training: 

Prior probabilities: 
Prior probability of blue class (halo):0.0
Prior probability of green class (monkey):0.11179097480940514
Prior probability of black class (background):0.8882090251905949

Means: 
[array([25.57927062, 26.53866229, 20.71380683]), array([40.03056604, 42.01245283, 30.60044025]), array([113.95856365, 132.52738562,  75.34883038])]

Covs: 
[array([[396.20326989, 454.85633827, 329.92395387],
       [454.85633827, 607.80970592, 316.83347559],
       [329.92395387, 316.83347559, 329.32578151]]), array([[1417.92950154, 1465.44021309, 1137.6539522 ],
       [1465.44021309, 1711.9322935 , 1059.23870135],
       [1137.6539522 , 1059.23870135, 1020.0137491 ]]), array([[2491.91308158, 2247.55681279, 2386.31858165],
       [2247.55681279, 2446.39687116, 1927.05656571],
       [2386.31858165, 1927.05656571, 2656.35152316]])]

Det-covs: 
[3.32264849e+05 1.07573004e+07 2.61297038e+08]Inverse-cov: 
[[[ 0.30031451 -0.13623158 -0.16979607]
  [-0.13623158  0.06509908  0.07384935]
  [-0.16979607  0.07384935  0.10209297]]

 [[ 0.05802644 -0.0269326  -0.03675044]
  [-0.0269326   0.01413469  0.01536055]
  [-0.03675044  0.01536055  0.02601808]]

 [[ 0.01065815 -0.0052497  -0.00576629]
  [-0.0052497   0.00353958  0.00214824]
  [-0.00576629  0.00214824  0.00399812]]]

Testing: 
Test time (image preparation and discriminator): 91.2418360710144

##############################################################

Bayesian classifier for monkey images. 
Ran on 2023-04-08 01:08:44
Train time: 0.10273981094360352


Training: 

Prior probabilities: 
Prior probability of blue class (halo):0.0
Prior probability of green class (monkey):0.11852421365014226
Prior probability of black class (background):0.8814757863498578

Means: 
[array([24.61318408, 27.05470529, 18.87952188]), array([30.11971662, 31.73144813, 22.99885927]), array([115.42464538, 133.95123745,  76.50182006])]

Covs: 
[array([[396.13119668, 511.14197928, 291.26169173],
       [511.14197928, 791.77508253, 275.90704418],
       [291.26169173, 275.90704418, 296.63696569]]), array([[ 752.17287812,  831.68661017,  591.12370307],
       [ 831.68661017, 1056.69563299,  562.67390558],
       [ 591.12370307,  562.67390558,  539.81717072]]), array([[2378.23204361, 2115.4678902 , 2315.31456912],
       [2115.4678902 , 2294.01852334, 1843.14268565],
       [2315.31456912, 1843.14268565, 2617.96035576]])]

Det-covs: 
[3.65647084e+05 1.54010448e+06 2.45475912e+08]Inverse-cov: 
[[[ 0.4341483  -0.19489408 -0.24500695]
  [-0.19489408  0.0893588   0.10824834]
  [-0.24500695  0.10824834  0.14325477]]

 [[ 0.16480734 -0.07554606 -0.10172653]
  [-0.07554606  0.03675634  0.04441362]
  [-0.10172653  0.04441362  0.06695337]]

 [[ 0.01062619 -0.0051767  -0.00575317]
  [-0.0051767   0.00352554  0.00209614]
  [-0.00575317  0.00209614  0.0039943 ]]]

Testing: 
Test time (image preparation and discriminator): 90.6120822429657

##############################################################

Bayesian classifier for monkey images. 
Ran on 2023-04-08 01:14:51
Train time: 0.10093522071838379


Training: 

Prior probabilities: 
Prior probability of blue class (halo):0.0
Prior probability of green class (monkey):0.14079505097949363
Prior probability of black class (background):0.8592049490205064

Means: 
[array([25.41796215, 27.60837269, 19.2821516 ]), array([40.46196651, 41.13407528, 30.6924248 ]), array([118.3884405 , 137.65478244,  78.3466685 ])]

Covs: 
[array([[425.00554971, 531.08288988, 313.70489205],
       [531.08288988, 802.40599184, 293.89962825],
       [313.70489205, 293.89962825, 311.83674697]]), array([[1299.69291762, 1317.14059941, 1063.73239509],
       [1317.14059941, 1469.44758356,  999.84058941],
       [1063.73239509,  999.84058941,  944.99259329]]), array([[2192.74678578, 1862.79968654, 2223.09304875],
       [1862.79968654, 1971.88479995, 1699.91579287],
       [2223.09304875, 1699.91579287, 2596.71832308]])]

Det-covs: 
[6.44708929e+05 5.07247530e+06 2.14691608e+08]Inverse-cov: 
[[[ 0.25413435 -0.11387063 -0.14833612]
  [-0.11387063  0.05292557  0.06467155]
  [-0.14833612  0.06467155  0.09147999]]

 [[ 0.07667576 -0.03570748 -0.04853022]
  [-0.03570748  0.01905846  0.02002955]
  [-0.04853022  0.02002955  0.03449426]]

 [[ 0.01039033 -0.00492844 -0.00566897]
  [-0.00492844  0.00350178  0.00192691]
  [-0.00566897  0.00192691  0.00397697]]]

Testing: 
Test time (image preparation and discriminator): 89.49196600914001

##############################################################

Bayesian classifier for monkey images. 
Ran on 2023-04-08 01:21:38
Train time: 0.10069775581359863


Training: 

Prior probabilities: 
Prior probability of blue class (halo):0.0
Prior probability of green class (monkey):0.12661636623887043
Prior probability of black class (background):0.8733836337611296

Means: 
[array([25.75050761, 27.05876611, 20.27422882]), array([47.14653521, 48.97391549, 35.40985915]), array([115.75868493, 134.69252356,  76.52303941])]

Covs: 
[array([[441.60516091, 511.30637014, 349.58438021],
       [511.30637014, 695.12460442, 332.35148229],
       [349.58438021, 332.35148229, 339.17874582]]), array([[1567.36536492, 1655.7836411 , 1225.39816082],
       [1655.7836411 , 1905.91587824, 1197.66768634],
       [1225.39816082, 1197.66768634, 1065.48624005]]), array([[2391.06777491, 2108.61203523, 2338.46970608],
       [2108.61203523, 2269.73609696, 1849.50886023],
       [2338.46970608, 1849.50886023, 2649.59113209]])]

Det-covs: 
[5.27873259e+05 1.16894518e+07 2.47424905e+08]Inverse-cov: 
[[[ 0.23739407 -0.10843392 -0.13842579]
  [-0.10843392  0.05223573  0.06057627]
  [-0.13842579  0.06057627  0.0862639 ]]

 [[ 0.05101345 -0.02537287 -0.03014917]
  [-0.02537287  0.01440663  0.01298704]
  [-0.03014917  0.01298704  0.02101442]]

 [[ 0.01048071 -0.00510029 -0.00568986]
  [-0.00510029  0.00350374  0.00205567]
  [-0.00568986  0.00205567  0.00396423]]]

Testing: 
Test time (image preparation and discriminator): 94.69200277328491

##############################################################

Bayesian classifier for monkey images. 
Ran on 2023-04-08 01:26:38
Train time: 0.09903383255004883


Training: 

Prior probabilities: 
Prior probability of blue class (halo):0.0
Prior probability of green class (monkey):0.1386797395941746
Prior probability of black class (background):0.8613202604058254

Means: 
[array([24.97726037, 27.43765024, 18.8600179 ]), array([40.2153838 , 41.20862169, 31.87743674]), array([118.11654182, 137.25314405,  78.1295828 ])]

Covs: 
[array([[385.74874595, 505.8431042 , 272.74018429],
       [505.8431042 , 803.24509914, 256.59611127],
       [272.74018429, 256.59611127, 276.06494285]]), array([[ 992.61965766, 1035.33545273,  850.77602971],
       [1035.33545273, 1209.59272786,  809.04115608],
       [ 850.77602971,  809.04115608,  802.87836291]]), array([[2223.62402369, 1902.02174626, 2244.9062453 ],
       [1902.02174626, 2019.49047249, 1729.47863672],
       [2244.9062453 , 1729.47863672, 2608.50497233]])]

Det-covs: 
[5.52661111e+05 3.39269221e+06 2.17725041e+08]Inverse-cov: 
[[[ 0.28210099 -0.12604737 -0.16154537]
  [-0.12604737  0.05809075  0.07053529]
  [-0.16154537  0.07053529  0.09766119]]

 [[ 0.09332065 -0.04213044 -0.05643409]
  [-0.04213044  0.02155604  0.02292234]
  [-0.05643409  0.02292234  0.03794804]]

 [[ 0.01045702 -0.00495541 -0.00571391]
  [-0.00495541  0.003494    0.0019481 ]
  [-0.00571391  0.0019481   0.00400919]]]

Testing: 
Test time (image preparation and discriminator): 92.76238512992859

##############################################################

Bayesian classifier for monkey images. 
Ran on 2023-04-08 01:28:52
Train time: 0.10417342185974121


Training: 

Prior probabilities: 
Prior probability of blue class (halo):0.0
Prior probability of green class (monkey):0.10786423194144155
Prior probability of black class (background):0.8921357680585584

Means: 
[array([24.80273934, 27.31179256, 18.70974822]), array([28.12746889, 29.17444914, 20.24700308]), array([116.17715776, 134.84273496,  77.08925315])]

Covs: 
[array([[395.63660768, 518.1205611 , 281.6149107 ],
       [518.1205611 , 817.20905476, 266.73679754],
       [281.6149107 , 266.73679754, 285.28022545]]), array([[466.98694765, 534.78931638, 308.03245088],
       [534.78931638, 751.6141396 , 277.71919613],
       [308.03245088, 277.71919613, 258.5026099 ]]), array([[2331.86856985, 2052.0129869 , 2288.40125553],
       [2052.0129869 , 2211.13436669, 1802.33496821],
       [2288.40125553, 1802.33496821, 2608.33849507]])]

Det-covs: 
[5.33075896e+05 9.66055768e+05 2.38528617e+08]Inverse-cov: 
[[[ 0.30386867 -0.13636424 -0.17246406]
  [-0.13636424  0.06295603  0.07574838]
  [-0.17246406  0.07574838  0.10292888]]

 [[ 0.12128313 -0.05454955 -0.08591666]
  [-0.05454955  0.02674106  0.03627247]
  [-0.08591666  0.03627247  0.06727808]]

 [[ 0.01056048 -0.00514772 -0.00570811]
  [-0.00514772  0.00354474  0.00206693]
  [-0.00570811  0.00206693  0.00396312]]]

Testing: 
Test time (image preparation and discriminator): 101.64416146278381

##############################################################

Bayesian classifier for monkey images. 
Ran on 2023-04-08 01:39:35
Train time: 0.10176444053649902


Training: 

Prior probabilities: 
Prior probability of blue class (halo):0.0
Prior probability of green class (monkey):0.11762868420577081
Prior probability of black class (background):0.8823713157942292

Means: 
[array([25.14370789, 26.60056947, 19.58000521]), array([34.54724756, 35.30815295, 24.53856719]), array([117.28565883, 136.4023408 ,  77.68697675])]

Covs: 
[array([[414.53155952, 490.46644339, 323.34355424],
       [490.46644339, 693.50875668, 303.69545069],
       [323.34355424, 303.69545069, 317.92767122]]), array([[1058.22063992, 1101.57559961,  722.55147147],
       [1101.57559961, 1282.64823747,  678.61893174],
       [ 722.55147147,  678.61893174,  553.73668622]]), array([[2259.86665734, 1946.98457353, 2259.94007796],
       [1946.98457353, 2075.83988015, 1746.60291757],
       [2259.94007796, 1746.60291757, 2612.51338998]])]

Det-covs: 
[5.04330437e+05 2.96371717e+06 2.26583882e+08]Inverse-cov: 
[[[ 0.25430687 -0.11447829 -0.14928538]
  [-0.11447829  0.05401221  0.06483411]
  [-0.14928538  0.06483411  0.09304204]]

 [[ 0.08426099 -0.04037015 -0.0604745 ]
  [-0.04037015  0.02155906  0.02625639]
  [-0.0604745   0.02625639  0.04853906]]

 [[ 0.0104709  -0.00502818 -0.00569619]
  [-0.00502818  0.00351571  0.00199917]
  [-0.00569619  0.00199917  0.00397368]]]

Testing: 
Test time (image preparation and discriminator): 90.70845103263855

##############################################################

Bayesian classifier for monkey images. 
Ran on 2023-04-08 01:45:26
Train time: 0.10367512702941895


Training: 

Prior probabilities: 
Prior probability of blue class (halo):0.0
Prior probability of green class (monkey):0.11911099898052703
Prior probability of black class (background):0.880889001019473

Means: 
[array([34.30103762, 37.56613649, 25.25013362]), array([51.35735517, 58.86501038, 35.44349728]), array([115.31175459, 133.888605  ,  76.43973666])]

Covs: 
[array([[1271.51017088, 1465.25652856,  907.58423306],
       [1465.25652856, 1852.6634122 ,  932.7970879 ],
       [ 907.58423306,  932.7970879 ,  771.08435966]]), array([[2773.11895305, 3180.63994133, 2156.04083204],
       [3180.63994133, 3908.41346495, 2256.07159271],
       [2156.04083204, 2256.07159271, 1963.96336643]]), array([[2399.00575847, 2128.60876179, 2329.03570239],
       [2128.60876179, 2298.93731939, 1851.24291688],
       [2329.03570239, 1851.24291688, 2624.64450767]])]

Det-covs: 
[9.46682652e+06 7.73650924e+07 2.46604646e+08]Inverse-cov: 
[[[ 0.05899013 -0.02991968 -0.03323829]
  [-0.02991968  0.01655597  0.01518806]
  [-0.03323829  0.01518806  0.02204579]]

 [[ 0.0334275  -0.01786953 -0.01616941]
  [-0.01786953  0.01031204  0.0077714 ]
  [-0.01616941  0.0077714   0.0093327 ]]

 [[ 0.01057074 -0.00517115 -0.0057328 ]
  [-0.00517115  0.00353655  0.0020943 ]
  [-0.0057328   0.0020943   0.00399096]]]

Testing: 
Test time (image preparation and discriminator): 89.43801641464233

##############################################################

Bayesian classifier for monkey images. 
Ran on 2023-04-08 01:49:16
Train time: 0.10277509689331055


Training: 

Prior probabilities: 
Prior probability of blue class (halo):0.0
Prior probability of green class (monkey):0.13763956029485871
Prior probability of black class (background):0.8623604397051413

Means: 
[array([28.98100364, 31.26463511, 21.79097673]), array([61.85565208, 64.03218013, 45.67120753]), array([118.44468244, 137.90667193,  78.2792609 ])]

Covs: 
[array([[ 691.10749267,  789.21343637,  507.37148241],
       [ 789.21343637, 1064.34654807,  476.17167031],
       [ 507.37148241,  476.17167031,  459.19770863]]), array([[2663.28586629, 2760.52705952, 2090.4234912 ],
       [2760.52705952, 3025.30278919, 2066.61730537],
       [2090.4234912 , 2066.61730537, 1805.35497858]]), array([[2201.98278817, 1866.92780152, 2236.25356146],
       [1866.92780152, 1969.99668848, 1709.40164084],
       [2236.25356146, 1709.40164084, 2612.00337361]])]

Det-covs: 
[2.41065644e+06 4.51724377e+07 2.13991644e+08]Inverse-cov: 
[[[ 0.10868659 -0.0501146  -0.0681217 ]
  [-0.0501146   0.0248601   0.02959301]
  [-0.0681217   0.02959301  0.04675906]]

 [[ 0.02636206 -0.01469095 -0.01370772]
  [-0.01469095  0.00970295  0.00590355]
  [-0.01370772  0.00590355  0.00966821]]

 [[ 0.01039099 -0.00492433 -0.00567351]
  [-0.00492433  0.00350834  0.00191994]
  [-0.00567351  0.00191994  0.0039837 ]]]

Testing: 

##############################################################

Bayesian classifier for monkey images. 
Ran on 2023-04-08 01:50:59
Train time: 0.10275936126708984


Training: 

Prior probabilities: 
Prior probability of blue class (halo):0.04649649794907515
Prior probability of green class (monkey):0.1293243557000232
Prior probability of black class (background):0.8241791463509016

Means: 
[array([32.22255999, 35.02023419, 24.73288619]), array([64.51947984, 66.99698309, 48.070013  ]), array([117.61430451, 136.87518709,  77.65829081])]

Covs: 
[array([[1060.40223637, 1178.42807771,  843.2966826 ],
       [1178.42807771, 1495.91282986,  813.29044135],
       [ 843.2966826 ,  813.29044135,  774.79096429]]), array([[3021.99547206, 3154.5521291 , 2315.57655952],
       [3154.5521291 , 3428.22824724, 2327.74807848],
       [2315.57655952, 2327.74807848, 1918.06865182]]), array([[2252.45721216, 1938.1747997 , 2264.78365254],
       [1938.1747997 , 2062.96486325, 1755.3117862 ],
       [2264.78365254, 1755.3117862 , 2622.63751316]])]

Det-covs: 
[4.30763238e+06 3.46377855e+07 2.23224327e+08]Inverse-cov: 
[[[ 0.11551088 -0.05274134 -0.07036209]
  [-0.05274134  0.02563839  0.03049227]
  [-0.07036209  0.03049227  0.04586663]]

 [[ 0.03340762 -0.01907075 -0.01718708]
  [-0.01907075  0.0125441   0.00779966]
  [-0.01718708  0.00779966  0.01180477]]

 [[ 0.01043475 -0.0049624  -0.00568965]
  [-0.0049624   0.00348588  0.00195222]
  [-0.00568965  0.00195222  0.003988  ]]]

Testing: 
Test time (image preparation and discriminator): 91.28767347335815

##############################################################

Bayesian classifier for monkey images. 
Ran on 2023-04-08 01:54:56
Train time: 0.8094027042388916


Training: 

Prior probabilities: 
Prior probability of blue class (halo):0.05220369470179066
Prior probability of green class (monkey):0.08796253046062642
Prior probability of black class (background):0.8598337748375829

Means: 
[array([52.22037181, 51.79407269, 55.68606402]), array([75.53883904, 74.22343749, 72.82555339]), array([132.30506089, 145.41811347, 103.22643216])]

Covs: 
[array([[1774.36401161, 1633.61666278, 1602.47617279],
       [1633.61666278, 1571.53224668, 1517.02902463],
       [1602.47617279, 1517.02902463, 1654.09331074]]), array([[2535.12806549, 2399.29158694, 2229.43727112],
       [2399.29158694, 2362.68052077, 2149.80890281],
       [2229.43727112, 2149.80890281, 2244.91497785]]), array([[2133.41308377, 1950.41911888, 2312.59394053],
       [1950.41911888, 2122.68094532, 2042.63078922],
       [2312.59394053, 2042.63078922, 3066.32991799]])]

Det-covs: 
[2.16938838e+07 6.22499023e+07 3.94380680e+08]Inverse-cov: 
[[[ 0.01374046 -0.01249899 -0.00184841]
  [-0.01249899  0.01691877 -0.00340787]
  [-0.00184841 -0.00340787  0.00552077]]

 [[ 0.01096128 -0.00953161 -0.00175791]
  [-0.00953161  0.01157843 -0.00162202]
  [-0.00175791 -0.00162202  0.00374455]]

 [[ 0.00592448 -0.0031869  -0.00234523]
  [-0.0031869   0.00302666  0.00038732]
  [-0.00234523  0.00038732  0.00183686]]]

Testing: 
Test time (image preparation and discriminator): 89.49180817604065

##############################################################

Bayesian classifier for fruit images. 
Ran on 2023-04-08 02:10:09
Train time: 0.21411752700805664


Training: 

Prior probabilities: 
Prior probability of red class (eggs):0.01209421328639605
Prior probability of blue class (chillies):0.022425556624144877
Prior probability of green class (bananas):0.05288065470249869
Prior probability of black class (background):0.05288065470249869

Means: 
[array([213.99716903, 188.83667902,  56.05440601]), array([229.81187037, 224.19889145, 227.89290772]), array([67.61837959, 86.67576894, 28.51327832]), array([217.58931038,  89.48561447,  61.41292914])]

Covs: 
[array([[189.13575315, 278.23829712, 134.08742722],
       [278.23829712, 510.7077999 , 239.46594417],
       [134.08742722, 239.46594417, 270.27149622]]), array([[ 85.30454755, 209.58123666, 233.55166778],
       [209.58123666, 591.3633375 , 662.69410364],
       [233.55166778, 662.69410364, 744.34591061]]), array([[487.94851054,  -9.0441416 ,  77.33176133],
       [ -9.0441416 , 418.14004602, 232.71111028],
       [ 77.33176133, 232.71111028, 228.05642957]]), array([[360.47027217,  47.67117856, 120.28968691],
       [ 47.67117856, 235.49275746, 131.62951845],
       [120.28968691, 131.62951845, 232.73969253]])]

Det-covs: 
[3.02296195e+06 1.01841606e+04 1.72612183e+07 1.10844334e+07]Inverse-cov: 
[[[ 2.66909820e-02 -1.42543999e-02 -6.12279764e-04]
  [-1.42543999e-02  1.09622832e-02 -2.64089143e-03]
  [-6.12279764e-04 -2.64089143e-03  6.34363076e-03]]

 [[ 9.97045299e-02 -1.20542415e-01  7.60353315e-02]
  [-1.20542415e-01  8.78787160e-01 -7.44565368e-01]
  [ 7.60353315e-02 -7.44565368e-01  6.40375522e-01]]

 [[ 2.38714698e-03  1.16205788e-03 -1.99523452e-03]
  [ 1.16205788e-03  6.10035701e-03 -6.61890936e-03]
  [-1.99523452e-03 -6.61890936e-03  1.18154474e-02]]

 [[ 3.38151536e-03  4.27509277e-04 -1.98949418e-03]
  [ 4.27509277e-04  6.26339019e-03 -3.76331163e-03]
  [-1.98949418e-03 -3.76331163e-03  7.45329905e-03]]]

Testing: 

##############################################################

Bayesian classifier for monkey images. 
Ran on 2023-04-08 17:33:22
Train time: 0.15059518814086914


Training: 

Prior probabilities: 
Prior probability of blue class (halo):0.04524820362563658
Prior probability of green class (monkey):0.10305857027536101
Prior probability of black class (background):0.8516932260990024

Means: 
[array([25.98620369, 27.6885024 , 20.01731103]), array([40.49567755, 41.03094543, 30.50949838]), array([115.64229231, 134.48736296,  76.55520425])]

Covs: 
[array([[496.9615509 , 580.07454292, 386.08093775],
       [580.07454292, 800.20449239, 366.43112723],
       [386.08093775, 366.43112723, 373.28872163]]), array([[1716.90462063, 1731.86489148, 1414.55063302],
       [1731.86489148, 1880.90675158, 1350.20901222],
       [1414.55063302, 1350.20901222, 1250.75135526]]), array([[2361.56374598, 2085.78853205, 2303.45869169],
       [2085.78853205, 2250.91741972, 1819.76474501],
       [2303.45869169, 1819.76474501, 2612.65644527]])]

Det-covs: 
[9.62957951e+05 9.52771629e+06 2.44267279e+08]Inverse-cov: 
[[[ 0.17076087 -0.07795066 -0.10009402]
  [-0.07795066  0.03785384  0.04346352]
  [-0.10009402  0.04346352  0.06353797]]

 [[ 0.05557284 -0.02688927 -0.03382324]
  [-0.02688927  0.01537276  0.01381553]
  [-0.03382324  0.01381553  0.02413815]]

 [[ 0.01051852 -0.00514885 -0.00568742]
  [-0.00514885  0.00353724  0.00207575]
  [-0.00568742  0.00207575  0.00395129]]]

Testing: 

##############################################################

Bayesian classifier for fruit images. 
Ran on 2023-04-08 17:35:19
Train time: 0.2782754898071289


Training: 

Prior probabilities: 
Prior probability of red class (eggs):0.013111925422405062
Prior probability of blue class (chillies):0.021494185544915015
Prior probability of green class (bananas):0.04907027748641175
Prior probability of black class (background):0.04907027748641175

Means: 
[array([214.12112043, 190.00069402,  57.13805452]), array([229.89056955, 223.52315363, 227.08386851]), array([72.41189916, 85.78314171, 28.61649813]), array([217.9155846 ,  90.93010508,  62.02343706])]

Covs: 
[array([[226.45713755, 306.95227706, 151.24903995],
       [306.95227706, 518.62321931, 237.27371668],
       [151.24903995, 237.27371668, 275.1126969 ]]), array([[ 91.28003444, 240.83124046, 270.44383401],
       [240.83124046, 765.13999712, 866.86730638],
       [270.44383401, 866.86730638, 983.90326281]]), array([[857.37587004, -55.2258325 , 107.39950721],
       [-55.2258325 , 397.04315417, 216.19638814],
       [107.39950721, 216.19638814, 218.56532175]]), array([[318.21544993,  40.19999684, 111.62649441],
       [ 40.19999684, 372.25550836, 198.12934959],
       [111.62649441, 198.12934959, 336.36872915]])]

Det-covs: 
[3.80784756e+06 1.66924176e+04 2.65174849e+07 2.39498595e+07]Inverse-cov: 
[[[ 2.26849984e-02 -1.27523610e-02 -1.47315676e-03]
  [-1.27523610e-02  1.03536082e-02 -1.91869274e-03]
  [-1.47315676e-03 -1.91869274e-03  6.09956910e-03]]

 [[ 8.17624407e-02 -1.50710665e-01  1.10309625e-01]
  [-1.50710665e-01  9.98708319e-01 -8.38485705e-01]
  [ 1.10309625e-01 -8.38485705e-01  7.09443004e-01]]

 [[ 1.50990890e-03  1.33081390e-03 -2.05833490e-03]
  [ 1.33081390e-03  6.63177445e-03 -7.21383625e-03]
  [-2.05833490e-03 -7.21383625e-03  1.27223728e-02]]

 [[ 3.58915980e-03  3.58852330e-04 -1.40246243e-03]
  [ 3.58852330e-04  3.94896898e-03 -2.44512647e-03]
  [-1.40246243e-03 -2.44512647e-03  4.87858454e-03]]]

Testing: 

##############################################################

Bayesian classifier for fruit images. 
Ran on 2023-04-08 19:17:19
Train time: 0.2266981601715088


Training: 

Prior probabilities: 
Prior probability of red class (eggs):0.01170825492848842
Prior probability of blue class (chillies):0.021864616374293447
